original size = 24 bits
compressed size = 14 bits
Entropy = 2.2516291673878226 bits/symbol
H = 13.509775004326936 bits
Code = 11100100001001